10
92 77 84 80 51 33 39 89 79 22 20 36 3 98 28 87 34 32 66 86
66 40 7 68 95 81 27 51 63 30 3 74 17 37 20 92 61 79 11 54
13 52 83 43 81 98 57 89 1 47 35 7 24 84 85 78 34 5 48 26
62 87 71 41 21 80 98 30 37 23 49 59 44 97 13 25 24 70 8 12
91 90 23 24 1 77 34 52 65 21 32 38 11 58 67 70 57 85 88 22
43 34 14 9 77 13 56 91 52 76 37 80 75 10 94 46 36 18 21 30
97 37 14 85 79 50 24 30 63 61 66 89 74 33 8 48 35 20 7 31
65 12 81 92 57 32 78 7 72 38 79 71 53 83 69 51 36 54 85 93
75 13 17 30 48 32 89 20 52 50 29 41 58 27 86 14 19 28 43 24
26 16 32 82 72 74 90 9 44 59 22 67 23 28 85 41 92 47 24 4
